pf=0.15+0.15^2+0.15^3+0.15^4
pf*pf
pf*pf*pf